-1437 928.52 23.61 1
-1439 928.52 23.61 1
-1441 928.52 23.61 1
-1443 928.52 23.61 1
-1445 928.52 23.61 1
-1447 928.52 23.61 1
-1449 928.52 23.61 1
-1451 928.52 23.61 1
-1453 928.52 23.61 1
-1455 928.52 23.61 1
-1457 928.52 23.61 1
-1459 928.52 23.61 1
-1461 928.52 23.61 1
-1463 928.52 23.61 1
-1465 928.52 23.61 1
-1467 928.52 23.61 1
-1469 928.52 23.61 1
-1471 928.52 23.61 1
-1473 928.52 23.61 1
-1475 928.52 23.61 1
-1477 928.52 23.61 1
-1479 928.52 23.61 1
-1481 928.52 23.61 1
-1483 928.52 23.61 1
-1485 928.52 23.61 1
-1487 928.52 23.61 1
-1489 928.52 23.61 1
-1491 928.52 23.61 1
-1493 928.52 23.61 1
-1495 928.52 23.61 1
-1497 928.52 23.61 1
-1499 928.52 23.61 1
-1501 928.52 23.61 1
-1503 928.52 23.61 1
-1505 928.52 23.61 1
-1507 928.52 23.61 1
-1509 928.52 23.61 1
-1511 928.52 23.61 1
-1513 928.52 23.61 1
-1515 928.52 23.61 1
-1517 928.52 23.61 1
-1519 928.52 23.61 1
-1521 928.52 23.61 1
-1523 928.52 23.61 1
-1525 928.52 23.61 1
-1527 928.52 23.61 1
-1529 928.52 23.61 1
-1531 928.52 23.61 1
-1533 928.52 23.61 1
-1535 928.52 23.61 1
-1537 928.52 23.61 1
-1539 928.52 23.61 1
-1541 928.52 23.61 1
-1543 928.52 23.61 1
-1545 928.52 23.61 1
-1547 928.52 23.61 1
-1549 928.52 23.61 1
-1551 928.52 23.61 1
-1553 928.52 23.61 1
-1555 928.52 23.61 1
-1557 928.52 23.61 1
-1559 928.52 23.61 1
-1561 928.52 23.61 1
-1563 928.52 23.61 1
-1565 928.52 23.61 1
-1567 928.52 23.61 1
-1569 928.52 23.61 1
-1571 928.52 23.61 1
-1573 928.52 23.61 1
-1575 928.52 23.61 1
-1577 928.52 23.61 1
-1579 928.52 23.61 1
-1581 928.52 23.61 1
-1583 928.52 23.61 1
-1585 928.52 23.61 1
-1587 928.52 23.61 1
-1589 928.52 23.61 1
-1591 928.52 23.61 1
-1593 928.52 23.61 1
-1595 928.52 23.61 1
-1597 928.52 23.61 1
-1599 928.52 23.61 1
-1601 928.52 23.61 1
-1603 928.52 23.61 1
-1605 928.52 23.61 1
-1607 928.52 23.61 1
-1609 928.52 23.61 1
-1611 928.52 23.61 1
-1613 928.52 23.61 1
-1615 928.52 23.61 1
-1617 928.52 23.61 1
-1619 928.52 23.61 1
-1621 928.52 23.61 1
-1623 928.52 23.61 1
-1625 928.52 23.61 1
-1627 928.52 23.61 1
-1629 928.52 23.61 1
-1631 928.52 23.61 1
-1633 928.52 23.61 1
-1635 928.52 23.61 1